%YAML:1.0
cameraMatrix: !!opencv-matrix
   rows: 3
   cols: 3
   dt: d
   data: [ 1.0706459127091059e+03, 0., 9.3073562009136731e+02, 0.,
       1.0691462259004827e+03, 5.5786312654809365e+02, 0., 0., 1. ]
distortionCoefficients: !!opencv-matrix
   rows: 1
   cols: 5
   dt: d
   data: [ 6.4931338577904230e-02, -6.3165066042449744e-02,
       6.0210368261565455e-03, -5.5097744497251714e-03,
       1.8102567426594284e-02 ]
rotation: !!opencv-matrix
   rows: 3
   cols: 3
   dt: d
   data: [ 1., 0., 0., 0., 1., 0., 0., 0., 1. ]
projection: !!opencv-matrix
   rows: 4
   cols: 4
   dt: d
   data: [ 1.0706459127091059e+03, 0., 9.3073562009136731e+02, 0., 0.,
       1.0691462259004827e+03, 5.5786312654809365e+02, 0., 0., 0., 1.,
       0., 0., 0., 0., 1. ]
