%YAML:1.0
cameraMatrix: !!opencv-matrix
   rows: 3
   cols: 3
   dt: d
   data: [ 3.7074101086080839e+02, 0., 2.5383960390595689e+02, 0.,
       3.7012298170224989e+02, 2.0668949350397878e+02, 0., 0., 1. ]
distortionCoefficients: !!opencv-matrix
   rows: 1
   cols: 5
   dt: d
   data: [ 1.0506715936637587e-01, -2.7319149092378398e-01,
       2.4066239554813456e-03, -2.4953922520579734e-03,
       9.8685076877538094e-02 ]
rotation: !!opencv-matrix
   rows: 3
   cols: 3
   dt: d
   data: [ 1., 0., 0., 0., 1., 0., 0., 0., 1. ]
projection: !!opencv-matrix
   rows: 4
   cols: 4
   dt: d
   data: [ 3.7074101086080839e+02, 0., 2.5383960390595689e+02, 0., 0.,
       3.7012298170224989e+02, 2.0668949350397878e+02, 0., 0., 0., 1.,
       0., 0., 0., 0., 1. ]
