%YAML:1.0
rotation: !!opencv-matrix
   rows: 3
   cols: 3
   dt: d
   data: [ 9.9990928010061841e-01, -6.2717785510849576e-03,
       1.1920417881483566e-02, 6.2598117413326607e-03,
       9.9997986539951145e-01, 1.0409382969213700e-03,
       -1.1926706403115498e-02, -9.6622429128772355e-04,
       9.9992840747975198e-01 ]
translation: !!opencv-matrix
   rows: 3
   cols: 1
   dt: d
   data: [ -5.3363332606010318e-02, -4.7143150233307967e-03,
       -8.8713686284867477e-02 ]
essential: !!opencv-matrix
   rows: 3
   cols: 3
   dt: d
   data: [ 6.1155722619797863e-04, 8.8716455155928589e-02,
       -4.6216320401220468e-03, -8.9342086988857622e-02,
       5.0483164660111821e-04, 5.2302007978217761e-02,
       4.3798429251424836e-03, -5.3391825296473946e-02,
       6.4866854211004975e-07 ]
fundamental: !!opencv-matrix
   rows: 3
   cols: 3
   dt: d
   data: [ 9.8853736069248637e-08, 1.4304147733513552e-05,
       -3.2707831709414405e-03, -1.4395166871210990e-05,
       8.1135142530586379e-08, 6.7435955682764014e-03,
       8.5585054036678206e-03, -2.2271122659615974e-02, 1. ]
