%YAML:1.0
depthShift: -1.1939689485026040e+01
