%YAML:1.0
rotation: !!opencv-matrix
   rows: 3
   cols: 3
   dt: d
   data: [ 9.9995176936145524e-01, -6.9125621226948149e-03,
       6.9767783249095909e-03, 6.9979805943031423e-03,
       9.9989993768261443e-01, -1.2294018460434267e-02,
       -6.8910970459571926e-03, 1.2342248871402117e-02,
       9.9990008584573065e-01 ]
translation: !!opencv-matrix
   rows: 3
   cols: 1
   dt: d
   data: [ -5.1961590183297560e-02, 1.7474734352260474e-05,
       2.3500152059668369e-03 ]
essential: !!opencv-matrix
   rows: 3
   cols: 3
   dt: d
   data: [ -1.6565780897946978e-05, -2.3495643804790993e-03,
       4.6364118703414115e-05, 1.9918295026175033e-03,
       6.2507825169554043e-04, 5.1972794020112102e-02,
       -3.8110009128651328e-04, -5.1956269990981990e-02,
       6.3869483159911778e-04 ]
fundamental: !!opencv-matrix
   rows: 3
   cols: 3
   dt: d
   data: [ -1.6705872059082450e-08, -2.3733903119619551e-06,
       5.1212989583995056e-04, 2.0114912836170851e-06,
       6.3230258973967685e-07, 1.8817362750788786e-02,
       -1.5180618349388952e-03, -5.4334594860075150e-02, 1. ]
