%YAML:1.0
cameraMatrix: !!opencv-matrix
   rows: 3
   cols: 3
   dt: d
   data: [ 1.0421268775504018e+03, 0., 9.2667333370275230e+02, 0.,
       1.0454805843202689e+03, 5.4965090695809283e+02, 0., 0., 1. ]
distortionCoefficients: !!opencv-matrix
   rows: 1
   cols: 8
   dt: d
   data: [ 3.4011815880981276e-03, -7.8693354485818864e-02,
       4.9469183243882636e-05, -3.3999413762578687e-03,
       8.4194163144804504e-02, -4.3577808450366975e-02,
       -1.8578620175419207e-02, 6.9623188827190180e-02 ]
rotation: !!opencv-matrix
   rows: 3
   cols: 3
   dt: d
   data: [ 1., 0., 0., 0., 1., 0., 0., 0., 1. ]
projection: !!opencv-matrix
   rows: 4
   cols: 4
   dt: d
   data: [ 1.0421268775504018e+03, 0., 9.2667333370275230e+02, 0., 0.,
       1.0454805843202689e+03, 5.4965090695809283e+02, 0., 0., 0., 1.,
       0., 0., 0., 0., 1. ]
