%YAML:1.0
cameraMatrix: !!opencv-matrix
   rows: 3
   cols: 3
   dt: d
   data: [ 3.6751908222876534e+02, 0., 2.5448277089481445e+02, 0.,
       3.6844958550473825e+02, 2.0770691555424537e+02, 0., 0., 1. ]
distortionCoefficients: !!opencv-matrix
   rows: 1
   cols: 8
   dt: d
   data: [ 5.2183446141596500e-02, -2.4050099901702759e-02,
       7.0115643153874688e-04, -3.5757444136397471e-04,
       5.3996181233191864e-01, -4.9062011835105855e-02,
       2.4434856710035363e-01, 4.7970132549636302e-01 ]
rotation: !!opencv-matrix
   rows: 3
   cols: 3
   dt: d
   data: [ 1., 0., 0., 0., 1., 0., 0., 0., 1. ]
projection: !!opencv-matrix
   rows: 4
   cols: 4
   dt: d
   data: [ 3.6751908222876534e+02, 0., 2.5448277089481445e+02, 0., 0.,
       3.6844958550473825e+02, 2.0770691555424537e+02, 0., 0., 0., 1.,
       0., 0., 0., 0., 1. ]
