%YAML:1.0
cameraMatrix: !!opencv-matrix
   rows: 3
   cols: 3
   dt: d
   data: [ 3.6750889423129911e+02, 0., 2.5404254097348542e+02, 0.,
       3.6835122580596186e+02, 2.0710177918663845e+02, 0., 0., 1. ]
distortionCoefficients: !!opencv-matrix
   rows: 1
   cols: 8
   dt: d
   data: [ 6.6147318174802044e-02, 1.6525242571243820e-01,
       3.8155939351145905e-04, -5.6811548855129534e-04,
       -3.4260847382867837e-01, -3.6959228744433741e-02,
       4.4593097172339646e-01, -4.2455631175829950e-01 ]
rotation: !!opencv-matrix
   rows: 3
   cols: 3
   dt: d
   data: [ 1., 0., 0., 0., 1., 0., 0., 0., 1. ]
projection: !!opencv-matrix
   rows: 4
   cols: 4
   dt: d
   data: [ 3.6750889423129911e+02, 0., 2.5404254097348542e+02, 0., 0.,
       3.6835122580596186e+02, 2.0710177918663845e+02, 0., 0., 0., 1.,
       0., 0., 0., 0., 1. ]
