%YAML:1.0
depthShift: 9.9987696799824999e+00
