%YAML:1.0
cameraMatrix: !!opencv-matrix
   rows: 3
   cols: 3
   dt: d
   data: [ 1.0322561444476728e+03, 0., 9.0623823559818459e+02, 0.,
       1.0345582853160051e+03, 5.4326783678352911e+02, 0., 0., 1. ]
distortionCoefficients: !!opencv-matrix
   rows: 1
   cols: 8
   dt: d
   data: [ 9.3147418203924030e-03, -4.5827985130738755e-02,
       -1.6508146983243797e-03, -8.0262254296889404e-03,
       4.2039960919728663e-02, -3.7143026225726058e-02,
       2.5635187183551809e-02, 1.9743765768912715e-02 ]
rotation: !!opencv-matrix
   rows: 3
   cols: 3
   dt: d
   data: [ 1., 0., 0., 0., 1., 0., 0., 0., 1. ]
projection: !!opencv-matrix
   rows: 4
   cols: 4
   dt: d
   data: [ 1.0322561444476728e+03, 0., 9.0623823559818459e+02, 0., 0.,
       1.0345582853160051e+03, 5.4326783678352911e+02, 0., 0., 0., 1.,
       0., 0., 0., 0., 1. ]
