%YAML:1.0
rotation: !!opencv-matrix
   rows: 3
   cols: 3
   dt: d
   data: [ 9.9960719937361953e-01, -6.4058527921538929e-03,
       2.7283914866348624e-02, 6.3198387672754371e-03,
       9.9997478840819143e-01, 3.2376204145115653e-03,
       -2.7303966715196304e-02, -3.0639187322893759e-03,
       9.9962248164175327e-01 ]
translation: !!opencv-matrix
   rows: 3
   cols: 1
   dt: d
   data: [ -4.8264795288474091e-02, -8.0492130575826701e-04,
       -9.1003848771435941e-02 ]
essential: !!opencv-matrix
   rows: 3
   cols: 3
   dt: d
   data: [ 5.9710719597776802e-04, 9.1004020633014437e-02,
       -5.0998151460687508e-04, -9.2285922766707745e-02,
       4.3507784835478575e-04, 4.5763633179805745e-02,
       4.9957940780646676e-04, -4.8268734663550507e-02,
       -1.3430168214776660e-04 ]
fundamental: !!opencv-matrix
   rows: 3
   cols: 3
   dt: d
   data: [ 1.0502437419430029e-07, 1.5969970437448234e-05,
       -3.3670554818129705e-03, -1.6195925484161326e-05,
       7.6180359466261597e-08, 7.0502848531739685e-03,
       8.7942530013448410e-03, -2.3257717882981851e-02,
       9.9999999999999989e-01 ]
