%YAML:1.0
depthShift: 1.0098858922371633e+01
