marker_ids: [0, 1]
marker0:
  position:
    x: 1.55
    y: 0.09
    z: 1.65
  orientation:
    x: -0.7071
    y: 0.0
    z: 0.0
    w: 0.7071
    xx: -0.715537
    yy: -0.00511908
    zz: 0.0299417
    ww: 0.697914
marker1:
  position:
    x: 0.15
    y: 1.75
    z: 1.65
  orientation:
    x: 0.503915
    y: 0.525556
    z: 0.476484
    w: 0.492771
