image: arena_raw.pgm
resolution: 0.025000
origin: [-6.412499, -6.412499, 0.000000]
negate: 0
occupied_thresh: 0.65
free_thresh: 0.196

