image: map_withObjects.pgm
resolution: 0.025000
origin: [-0.0250000, -0.050000, 0.00000]
negate: 0
occupied_thresh: 0.65
free_thresh: 0.196

