image: map_carap.pgm
resolution: 0.025000
origin: [-0.15, -0.050000, 0.000000]
negate: 0
occupied_thresh: 0.65
free_thresh: 0.196

